Total Time: 7 6.723146754
Thread_0: 1 4.941441687
Thread_1: 1 6.61207380
Thread_2: 1 4.972936385
Thread_3: 2 6.683329028
Thread_4: 1 4.852218881
Thread_5: 2 6.375799939
Thread_6: 2 6.489585427
